4294967278,354
4294967278,562
4294967278,320
4294967278,353
349,5
349,4
349,3
349,2
349,1
4294967278,560
4294967279,518
4294967278,352
4294967279,324
348,6
348,5
348,4
348,3
348,2
348,1
4294967278,351
4294967279,249
4294967278,247
4294967278,325
4294967278,350
4294967278,249
4294967278,225
4294967278,219
346,6
4294967279,214
346,5
346,4
346,3
346,2
346,1
4294967278,543
4294967279,208
4294967278,349
4294967278,321
4294967279,337
4294967278,531
4294967279,189
344,9
344,8
344,7
344,6
344,5
344,4
4294967279,190
344,3
344,2
344,1
4294967279,517
4294967278,525
4294967279,364
4294967279,183
4294967278,180
4294967279,177
4294967279,181
4294967278,179
4294967279,516
4294967278,572
4294967279,274
4294967279,327
4294967279,361
4294967279,170
4294967279,112
4294967279,110
4294967279,109
4294967279,107
4294967279,101
4294967279,100
4294967279,99
4294967279,98
4294967279,217
4294967279,260
4294967279,515
4294967279,371
4294967279,566
4294967278,291
4294967279,565
4294967278,154
4294967279,513
4294967279,564
4294967278,568
4294967279,563
4294967279,144
4294967279,253
4294967278,137
4294967278,521
4294967278,283
339,6
4294967279,280
339,5
339,4
339,3
339,2
339,1
4294967294,428
4294967294,482
4294967279,369
4294967278,264
4294967279,258
4294967278,262
4294967279,256
337,4
337,3
337,2
337,1
4294967278,308
4294967279,308
335,4
4294967278,545
335,3
335,2
335,1
4294967279,350
334,4
334,3
334,2
334,1
333,4
333,3
333,2
333,1
4294967279,238
4294967278,237
331,4
331,3
331,2
331,1
4294967279,232
329,4
4294967278,220
329,3
329,2
329,1
4294967279,220
328,4
328,3
328,2
328,1
4294967279,562
325,4
325,3
325,2
325,1
4294967279,201
324,4
324,3
324,2
324,1
323,4
323,3
323,2
323,1
4294967279,335
4294967279,195
322,4
4294967279,194
322,3
322,2
322,1
4294967278,192
4294967294,178
4294967294,119
4294967294,457
4294967279,193
4294967278,191
321,4
321,3
321,2
321,1
4294967278,348
4294967279,182
4294967279,561
4294967278,347
4294967278,346
4294967278,570
4294967279,560
4294967279,559
4294967278,519
4294967278,345
4294967279,268
4294967279,312
4294967279,558
4294967279,157
4294967294,396
4294967294,450
4294967294,454
4294967279,383
4294967294,80
4294967294,960
4294967294,963
4294967294,902
4294967294,401
4294967294,173
4294967294,190
4294967294,1413
4294967294,97
4294967279,356
4294967278,512
4294967279,557
4294967279,139
320,5
320,4
320,3
320,2
320,1
4294967278,516
4294967279,556
4294967279,281
319,6
319,5
319,4
319,2
319,1
4294967279,346
4294967278,42
4294967278,41
4294967278,40
4294967278,39
4294967278,38
4294967278,37
4294967278,36
4294967278,35
4294967278,34
4294967278,33
4294967278,32
4294967278,31
4294967278,30
4294967278,29
4294967278,28
4294967278,27
4294967278,26
4294967278,25
4294967278,24
4294967278,23
4294967278,22
4294967278,21
4294967278,20
4294967278,19
4294967278,18
4294967278,17
4294967278,16
4294967278,15
4294967278,14
4294967278,13
4294967278,12
4294967278,11
4294967278,10
4294967278,9
4294967278,8
4294967278,7
4294967278,6
4294967278,5
4294967278,4
4294967279,132
4294967279,131
4294967279,130
4294967279,129
4294967279,128
4294967279,127
4294967279,126
4294967279,125
4294967279,124
4294967279,123
4294967279,122
4294967279,121
4294967279,120
4294967279,119
4294967279,118
4294967279,117
4294967279,96
4294967279,311
4294967278,513
4294967278,344
4294967278,229
4294967279,292
4294967278,255
4294967278,245
4294967278,309
4294967278,307
4294967278,282
4294967279,251
317,6
317,5
317,4
317,2
317,1
4294967278,236
4294967278,234
4294967278,232
4294967278,213
4294967278,211
4294967279,212
315,9
315,8
315,7
315,6
315,5
315,4
315,3
315,2
315,1
4294967278,537
4294967279,204
4294967279,202
4294967278,194
4294967278,197
4294967279,197
4294967278,195
4294967278,554
4294967279,192
4294967278,190
4294967279,191
4294967278,189
4294967278,188
4294967278,187
4294967279,188
4294967278,186
4294967279,187
4294967278,185
4294967279,186
4294967278,184
4294967279,185
4294967278,183
4294967279,184
4294967278,520
4294967279,180
4294967278,178
4294967279,179
4294967278,177
4294967279,178
4294967278,176
4294967278,175
4294967279,176
4294967278,169
4294967278,173
4294967279,175
4294967278,172
4294967279,173
4294967279,172
4294967278,170
4294967279,171
4294967278,343
4294967279,276
4294967278,293
4294967294,899
4294967279,166
4294967279,326
4294967278,342
4294967279,162
4294967278,160
4294967279,161
4294967278,159
4294967279,160
4294967278,158
4294967279,159
4294967278,527
4294967279,374
4294967294,406
4294967294,403
4294967294,416
4294967294,112
4294967294,405
4294967294,113
4294967294,111
4294967278,515
4294967279,150
4294967278,149
4294967278,148
4294967279,148
310,6
4294967278,147
310,5
310,4
310,2
310,1
4294967279,318
4294967278,514
4294967294,481
4294967279,137
4294967279,272
308,4
308,3
308,2
308,1
4294967279,266
306,4
306,3
306,2
306,1
4294967279,278
305,4
305,3
305,2
305,1
304,4
304,3
304,2
304,1
4294967279,255
302,4
302,3
302,2
302,1
4294967279,301
300,4
300,3
300,2
300,1
4294967294,967
4294967278,250
299,4
299,3
299,2
299,1
4294967294,1417
4294967278,228
296,4
296,3
296,2
296,1
4294967278,341
295,4
4294967278,218
295,3
295,2
295,1
294,4
294,3
294,2
294,1
293,4
4294967278,210
293,3
293,2
293,1
4294967278,209
292,4
292,3
292,2
292,1
4294967278,534
4294967278,340
4294967278,530
4294967278,573
4294967279,288
4294967278,296
4294967294,168
4294967294,946
4294967294,169
4294967294,180
4294967294,418
4294967278,574
4294967279,286
4294967278,575
4294967279,329
4294967278,171
4294967279,169
4294967278,167
4294967279,168
4294967278,166
4294967279,167
4294967278,165
4294967278,164
4294967279,165
4294967278,161
4294967278,163
4294967279,164
4294967278,162
4294967278,339
4294967279,163
4294967278,549
4294967278,157
4294967279,158
4294967278,156
4294967278,548
4294967279,156
4294967278,155
4294967279,155
4294967279,154
4294967278,153
4294967278,150
4294967279,153
4294967278,152
4294967279,152
4294967278,151
4294967279,151
4294967279,261
4294967279,147
4294967278,146
4294967279,146
4294967279,372
4294967278,145
4294967279,145
4294967278,144
4294967279,143
4294967279,140
4294967278,142
4294967279,142
4294967278,141
4294967279,141
4294967279,316
4294967278,140
4294967278,565
4294967294,389
4294967278,338
4294967279,135
4294967279,355
4294967278,276
4294967279,271
4294967279,283
4294967279,269
4294967279,313
4294967279,555
4294967278,557
4294967279,366
4294967278,528
4294967279,264
4294967278,563
4294967279,353
4294967279,262
4294967279,259
4294967278,235
4294967279,257
4294967278,297
4294967279,275
4294967279,554
4294967294,182
4294967294,421
4294967294,163
4294967278,559
4294967279,299
4294967279,553
4294967278,246
4294967279,552
4294967278,238
4294967279,236
4294967279,551
4294967279,378
4294967278,224
4294967278,216
4294967278,212
4294967279,550
4294967279,2
4294967279,549
4294967279,548
4294967279,206
4294967278,203
4294967279,547
4294967278,337
4294967279,196
4294967279,376
4294967279,375
4294967294,114
4294967279,302
4294967279,546
4294967279,545
